-160.759 69.1185 1
-160.759 69.657 2
-160.759 70.1955 3
-160.759 70.734 4
-160.759 71.2726 5
-160.759 71.8111 6
-160.759 72.3496 7
-160.759 72.8881 8
-159.106 69.1185 9
-159.106 69.657 10
-159.106 70.1955 11
-159.106 70.734 12
-159.106 71.2726 13
-159.106 71.8111 14
-159.106 72.3496 15
-159.106 72.8881 16
-157.453 69.1185 17
-157.453 69.657 18
-157.453 70.1955 19
-157.453 70.734 20
-157.453 71.2726 21
-157.453 71.8111 22
-157.453 72.3496 23
-157.453 72.8881 24
-155.801 69.1185 25
-155.801 69.657 26
-155.801 70.1955 27
-155.801 70.734 28
-155.801 71.2726 29
-155.801 71.8111 30
-155.801 72.3496 31
-155.801 72.8881 32
-154.148 69.1185 33
-154.148 69.657 34
-154.148 70.1955 35
-154.148 70.734 36
-154.148 71.2726 37
-154.148 71.8111 38
-154.148 72.3496 39
-154.148 72.8881 40
-152.495 69.1185 41
-152.495 69.657 42
-152.495 70.1955 43
-152.495 70.734 44
-152.495 71.2726 45
-152.495 71.8111 46
-152.495 72.3496 47
-152.495 72.8881 48
-150.842 69.1185 49
-150.842 69.657 50
-150.842 70.1955 51
-150.842 70.734 52
-150.842 71.2726 53
-150.842 71.8111 54
-150.842 72.3496 55
-150.842 72.8881 56
-149.19 69.1185 57
-149.19 69.657 58
-149.19 70.1955 59
-149.19 70.734 60
-149.19 71.2726 61
-149.19 71.8111 62
-149.19 72.3496 63
-149.19 72.8881 64
