 71.0033 -154.9740  71.0033 -154.9742   0.0001 -89.9999
 71.0033 -154.9740  70.0079 -157.1599   1.2375 -142.7101
 71.0033 -154.9740  69.1049 -159.5874   2.4717 -138.1338
 71.0033 -154.9740  69.1565 -154.7833   1.8527 177.8938
 71.0033 -154.9740  69.8360 -150.6126   1.8756 126.5220
 71.0033 -154.9740  67.2269 -150.2038   4.1497 153.4934
 71.0033 -154.9740  68.7132 -156.6132   2.3646 -165.3721
 71.0033 -154.9740  68.8799 -152.6821   2.2699 158.5908
 71.0033 -154.9740  67.4572 -157.2316   3.6440 -166.2082
 71.0033 -154.9740  68.4414 -153.9721   2.5919 171.8044
 71.0033 -154.9740  68.1343 -151.8132   3.0810 157.4599
 71.0033 -154.9740  66.6001 -159.6514   4.7258 -156.7732
 71.0033 -154.9740  67.0486 -155.7251   3.9737 -175.7558
 71.0033 -154.9740  67.2221 -153.4830   3.8277 171.2919
 71.0033 -154.9740  65.5011 -160.6514   5.8996 -156.3967
 71.0033 -154.9740  66.7108 -150.0239   4.6576 155.0697
 71.0033 -154.9740  65.4924 -154.8808   5.5244 179.5971
 71.0033 -154.9740  65.6571 -152.8050   5.4183 170.4592
 71.0033 -154.9740  65.8937 -151.3773   5.2886 163.8064
 71.0033 -154.9740  65.8251 -149.5432   5.5593 156.3353
 71.0033 -154.9740  65.1800 -151.9822   5.9421 167.7418
 71.0033 -154.9740  65.1479 -149.3603   6.2287 157.6573
 71.0033 -154.9740  65.0304 -150.7442   6.1908 163.1630
 71.0033 -154.9740  68.4215 -149.3568   3.2406 140.2878
 71.0033 -154.9740  66.8133 -150.6646   4.4767 157.6488
 71.0033 -154.9740  65.8545 -149.7369   5.5063 157.0220
 71.0033 -154.9740  68.6408 -149.5724   3.0152 139.1578
