71.0033 -154.974 71.0033 -154.9742
71.0033 -154.974 70.0079 -157.1599
71.0033 -154.974 69.1049 -159.5874
71.0033 -154.974 69.1565 -154.7833
71.0033 -154.974 69.8360 -150.6126
71.0033 -154.974 67.2269 -150.2038
71.0033 -154.974 68.7132 -156.6132
71.0033 -154.974 68.8799 -152.6821
71.0033 -154.974 67.4572 -157.2316
71.0033 -154.974 68.4414 -153.9721
71.0033 -154.974 68.1343 -151.8132
71.0033 -154.974 66.6001 -159.6514
71.0033 -154.974 67.0486 -155.7251
71.0033 -154.974 67.2221 -153.4830
71.0033 -154.974 65.5011 -160.6514
71.0033 -154.974 66.7108 -150.0239
71.0033 -154.974 65.4924 -154.8808
71.0033 -154.974 65.6571 -152.8050
71.0033 -154.974 65.8937 -151.3773
71.0033 -154.974 65.8251 -149.5432
71.0033 -154.974 65.1800 -151.9822
71.0033 -154.974 65.1479 -149.3603
71.0033 -154.974 65.0304 -150.7442
71.0033 -154.974 68.4215 -149.3568
71.0033 -154.974 66.8133 -150.6646
71.0033 -154.974 65.8545 -149.7369
71.0033 -154.974 68.6408 -149.5724
